1.824094332398763438e-02
1.662210785753730491e-01
-4.883204333636635974e-01
-4.181620331377464694e-01
-6.374449865595974707e-01
2.710683160977097605e-01
1.062162736754028169e-01
1.772093704126398439e-01
-1.251785942309141531e-01
-1.055811512321239987e-01
-5.507337456093096550e-01
5.940202321929072271e-02
-5.551707484950203497e-01
-4.669275516932113179e-01
-4.105509710592396555e-01
-4.912635397995611664e-01
-1.565486428331082369e-01
-3.677400086037425075e-01
-3.255897056297559766e-01
-3.429521989261614112e-01
-1.864737334488980602e-02
-3.943687635833250105e-01
-2.910740882283414099e-01
-1.530735848261161047e-01
-5.472745357706840785e-01
-2.936266633882802513e-01
-6.742830325118695511e-02
8.223274965044119478e-02
-9.410667920281051702e-02
-2.355335602330156375e-01
2.138417129576212217e-01
-9.192223049925389577e-02
-1.369320054468397760e-02
4.467605970434112422e-02
2.441324280525423301e-02
-4.221343671295070543e-02
1.904206387939175738e-01
-1.077429591850489199e-01
5.482263544371465680e-02
1.032248270657017269e-01
2.803845847625524579e-02
2.617581460282896733e-01
3.034603173840607626e-01
3.195599640799764440e-01
3.028576849593855869e-01
4.734514078625645661e-01
7.326921785509881158e-01
6.221744316111157413e-01
-1.777369081935387118e-01
7.050265549595652326e-01
1.305762643717797711e-01
1.756376542807142616e-01
5.834114848755498350e-01
3.134974376026748999e-01
9.197510692795591858e-01
7.729952316421324632e-01
4.953174586789121925e-01
3.523076469466651095e-01
7.697576492623974254e-01
9.705863677836186199e-01
7.660830407066017145e-01
1.142734807913933892e+00
8.939070137540110483e-01
9.658467788786538888e-01
7.632186538470562276e-01
9.175138677674455900e-01
8.133292027592302631e-01
4.973967828887290166e-01
1.384180389152077417e+00
8.746489162218992197e-01
9.407009638775292171e-01
1.196417661377915387e+00
9.642223957144383517e-01
9.965859363601355936e-01
1.049710032210103394e+00
7.432736592164372880e-01
1.287339908206887040e+00
1.062598357604860988e+00
8.756630371336313612e-01
1.190499725621205096e+00
1.081631337632297907e+00
8.250560136315923110e-01
1.050327004053324131e+00
1.023829237578354423e+00
1.093789613358896240e+00
1.104164613552025553e+00
1.173740697548417034e+00
7.919570602010653770e-01
1.032925096379401220e+00
8.482906660757121298e-01
1.131185219757350868e+00
7.644054757919093168e-01
5.908855996960815649e-01
9.395279156486882055e-01
1.533004613638584424e+00
1.250771358452908988e+00
1.033956482668700660e+00
1.510195198937722250e+00
9.695407014827926995e-01
9.662453580415465426e-01
1.168969413580440042e+00
1.054036654651601790e+00
9.721547016146456777e-01
8.865769862202121931e-01
9.607264943722690909e-01
1.177551899082221132e+00
6.980894373758231852e-01
8.190516228003197341e-01
1.213670384572719696e+00
1.444106879606790628e+00
5.620304122068202624e-01
1.003340971815325888e+00
1.240896724462638545e+00
8.619270858752657860e-01
7.829108112029485866e-01
1.138881821920624482e+00
7.717314582813936674e-01
7.298922682922834859e-01
7.521724252507839825e-01
5.806036646303394111e-01
3.717751050041764871e-01
1.073947415118740478e+00
1.173223619127522710e+00
8.729771572199144236e-01
7.806877607304908429e-01
9.139262332431040692e-01
7.709311870103741082e-01
4.506719206751443885e-01
5.522411670671605322e-01
8.731345002370518582e-01
7.047774136082085583e-01
4.657896193520395522e-01
4.841385620228237929e-01
9.569905600720927108e-01
4.574805436378768797e-01
9.861155655412445764e-01
8.519889086659380162e-01
5.514607544860038457e-01
6.852973371450968854e-01
7.782029578007425563e-01
8.167810740309632278e-01
7.941859936820401256e-01
1.027256633043529321e+00
9.269221516059353849e-01
6.392727743223974857e-01
7.074815480332674600e-01
5.606302568368380923e-01
6.395609921982109425e-01
7.608837266309815828e-01
2.792053665384119365e-01
7.715214038583122491e-01
7.458460161631336183e-01
7.096890304763370239e-01
5.027852127248133574e-01
6.537940465727927197e-01
6.219093836622253679e-01
7.689600203363685660e-01
3.010780208216214948e-01
7.292005702408248524e-01
8.979082981554724618e-01
6.348863239361586253e-01
6.322110353580235875e-01
9.775814347280852301e-01
1.369456804940074157e+00
9.739687002434292973e-01
9.944410490151327497e-01
8.839478013834446424e-01
1.041152740171699786e+00
1.018597738503268291e+00
7.267035292853222250e-01
1.002394013752704538e+00
1.125681992145568966e+00
8.138047474471885590e-01
1.046923703557502972e+00
1.239323525452198815e+00
1.199425226583060500e+00
1.016529003309415202e+00
1.451362518699750082e+00
1.262180166659123026e+00
1.023962302377050326e+00
6.984404081404805842e-01
1.045656764596535560e+00
1.156997467069426300e+00
1.073474606484246863e+00
1.174506625047973429e+00
1.517301135677525004e+00
1.374042889467034678e+00
1.500103142720888405e+00
9.767999526129429455e-01
1.274858730966821341e+00
1.560608514912836808e+00
1.150384107984431026e+00
1.724632809883520856e+00
1.104554655531133411e+00
1.250165898052518099e+00
1.706297449422074619e+00
9.889885531214586134e-01
1.607849637514189300e+00
1.215408210237089337e+00
1.257995950678614472e+00
1.520729605467522338e+00
1.522192796035929385e+00
1.667673571500019714e+00
1.547333109517216698e+00
1.538930083721907982e+00
1.385786027250084151e+00
1.698518026472455755e+00
1.165909624563364222e+00
1.813051908093882947e+00
1.747874652622451341e+00
2.000659302625894309e+00
2.028430987202627378e+00
1.480979911880053734e+00
1.904421515461439895e+00
1.645436754328200024e+00
1.722678508113607343e+00
1.997069635427177525e+00
1.951322934539609477e+00
1.967516505357057799e+00
1.878326689544933759e+00
1.947860515341620635e+00
1.700980949223738214e+00
1.811980614254758093e+00
2.074921859784134348e+00
1.731956496325451678e+00
1.852752923323354173e+00
2.141536547345868069e+00
1.994320308627418825e+00
1.847934488976624490e+00
2.081782558514615911e+00
2.291889022142971744e+00
1.842372390055136533e+00
1.741454965342192684e+00
2.075211935713141109e+00
1.882124350348086228e+00
1.989426908726671384e+00
1.950102836172797671e+00
1.886078485378457570e+00
2.055936798755004791e+00
2.101815653812959983e+00
1.842492947914588175e+00
2.256349197409595941e+00
2.318963825218258723e+00
2.007658789710719649e+00
2.075708817673521889e+00
2.332641163960645247e+00
1.762500914948866848e+00
1.797489245484183762e+00
1.924526964603221924e+00
1.979254048803040567e+00
2.096313262458090687e+00
2.006882560796124704e+00
1.569849176045092554e+00
2.137055131311677236e+00
2.149576195479930174e+00
1.694342095934504799e+00
1.973282514775645646e+00
1.714638944273935373e+00
1.734431040377387934e+00
1.655792821795636138e+00
2.080034325912028859e+00
1.564924726502386232e+00
1.700162764230356061e+00
1.789698242223869862e+00
1.474751295367388471e+00
1.564767258115259185e+00
1.561141459979619395e+00
1.888351541023832070e+00
1.255989258135802977e+00
1.475908731808462049e+00
1.482057930438342108e+00
1.344999376098951815e+00
1.632125186126311078e+00
1.317020121451709214e+00
1.187170499320934880e+00
1.395813873272472527e+00
1.439688047075206700e+00
9.703159432097858694e-01
1.268569689111271437e+00
1.189137029812794788e+00
9.901898217136011482e-01
7.902351473440223373e-01
1.076834304775144746e+00
9.794066605307777396e-01
6.088524753281381319e-01
6.463706358198356705e-01
1.044762304008965526e+00
5.094348005653424050e-01
1.773598339741551122e-01
4.745748503599879764e-01
5.115666355046957214e-01
5.701750890076269229e-01
2.939401716715336343e-01
7.134492699533345750e-01
1.683718889337327274e-01
2.506807646785137456e-01
3.783734563921444249e-01
1.203989230380597963e-01
-4.304012612984188801e-01
1.416393288872540845e-01
